0.00673198699951171875 200
0.00229001045227050781 400
0.11712408065795898438 600
0.02030897140502929688 800
0.22907400131225585938 1000
0.13159084320068359375 1200
0.35231685638427734375 1400
0.84426784515380859375 1600
0.15119695663452148438 1800
1.08091092109680175781 2000
1.04708504676818847656 2200
0.75150990486145019531 2400
0.09155297279357910156 2600
0.79135489463806152344 2800
0.26428890228271484375 3000
2.70598912239074707031 3200
3.95997214317321777344 3400
1.18375897407531738281 3600
3.10756182670593261719 3800
2.93684911727905273438 4000
0.06873202323913574219 4200
5.20720601081848144531 4400
0.10022521018981933594 4600
2.77645707130432128906 4800
7.41626906394958496094 5000
8.12059807777404785156 5200
0.12297391891479492188 5400
6.00693297386169433594 5600
0.21498012542724609375 5800
1.94359397888183593750 6000
0.63469004631042480469 6200
1.13037896156311035156 6400
10.27279996871948242188 6600
5.37653112411499023438 6800
4.38996005058288574219 7000
8.11028695106506347656 7200
3.72079205513000488281 7400
18.49908208847045898438 7600
10.96904802322387695312 7800
4.40529298782348632812 8000
2.45357108116149902344 8200
8.14402389526367187500 8400
20.48750615119934082031 8600
2.51861405372619628906 8800
0.41507816314697265625 9000
7.39775991439819335938 9200
14.18064379692077636719 9400
13.81568288803100585938 9600
20.49089193344116210938 9800
32.34543704986572265625 10000
